1 0.504630 0.766391 0.061547 0.057904
1 0.099401 0.337316 0.062636 0.038603
1 0.775871 0.642770 0.053922 0.030025
1 0.640251 0.881127 0.039760 0.023897
1 0.037582 0.823376 0.033769 0.026654
1 0.909314 0.864890 0.035403 0.018382
1 0.063725 0.518995 0.028322 0.020833
1 0.033224 0.741115 0.035948 0.015931
1 0.562364 0.991422 0.031046 0.017157
1 0.851852 0.991728 0.028322 0.016544
1 0.243736 0.818015 0.024510 0.014706
1 0.165850 0.758272 0.017974 0.014093
0 0.261710 0.353094 0.024510 0.010110
1 0.041394 0.271446 0.016340 0.011642
